---
title: "Biken, Wandern, Secklen"
author: "Kaspar Rufibach"
date: '25 May 2021'
output:
  html_document:
    keep_md: true
    toc: yes
    toc_float:
      collapsed: yes
      smooth_scroll: yes
  github_document: 
    toc: true
    toc_depth: 2
  pdf_document:
    toc: yes
  word_document:
    fig_caption: yes
    toc: yes
---



# Bike

## Listen der Tourenziele

Dieser Abschnitt listet die Touren auf, chronologisch oder nach Laufzeit. Fuer die Listen nach Zeit werden die Touren ohne Zeitangabe nicht aufgefuehrt.


### Abzweigung Wanderweg {.tabset .tabset-fade .tabset-pills}

#### Chronologically


---------------------------------------------------------------------------
       start                 end               date         time      hm_h 
------------------- ---------------------- ------------ ------------ ------
 Kreisel S'burgstr   Abzweigung Wanderweg   2017-07-29   00:51:40.0    NA  
---------------------------------------------------------------------------

#### By time


---------------------------------------------------------------------------
       start                 end               date         time      hm_h 
------------------- ---------------------- ------------ ------------ ------
 Kreisel S'burgstr   Abzweigung Wanderweg   2017-07-29   00:51:40.0    NA  
---------------------------------------------------------------------------


### Alpbruecke {.tabset .tabset-fade .tabset-pills}

#### Chronologically


--------------------------------------------------------
  start        end          date         time      hm_h 
---------- ------------ ------------ ------------ ------
 Alpbach    Alpbruecke   2020-08-15   01.02:44.0   876  

 Amtshaus   Alpbruecke   2020-08-08   01:05:01.4   859  

 Amtshaus   Alpbruecke   2018-08-24   01:05:22.8   854  
--------------------------------------------------------

#### By time


--------------------------------------------------------
  start        end          date         time      hm_h 
---------- ------------ ------------ ------------ ------
 Alpbach    Alpbruecke   2020-08-15   01.02:44.0   876  

 Amtshaus   Alpbruecke   2020-08-08   01:05:01.4   859  

 Amtshaus   Alpbruecke   2018-08-24   01:05:22.8   854  
--------------------------------------------------------


### Bidmi {.tabset .tabset-fade .tabset-pills}

#### Chronologically


---------------------------------------------------
  start      end       date         time      hm_h 
---------- ------- ------------ ------------ ------
 Amtshaus   Bidmi   2021-04-22   00:54:54.8   896  

 Alpbach    Bidmi   2020-09-22   00:55:16.8   874  

 Alpbach    Bidmi   2020-09-08   00:54:19.8   889  

 Alpbach    Bidmi   2020-08-06   00:54:00.5   894  

 Alpbach    Bidmi   2020-06-25   00:56:55.5   848  

 Amtshaus   Bidmi   2020-05-09   00:52:44.2   933  

 Amtshaus   Bidmi   2020-03-21   00:59:03.1   833  

 Amtshaus   Bidmi   2019-09-15   00:55:46.8   882  

 Amtshaus   Bidmi   2007-10-01   00:53:00.0   928  
---------------------------------------------------

#### By time


---------------------------------------------------
  start      end       date         time      hm_h 
---------- ------- ------------ ------------ ------
 Amtshaus   Bidmi   2020-05-09   00:52:44.2   933  

 Amtshaus   Bidmi   2007-10-01   00:53:00.0   928  

 Alpbach    Bidmi   2020-08-06   00:54:00.5   894  

 Alpbach    Bidmi   2020-09-08   00:54:19.8   889  

 Amtshaus   Bidmi   2021-04-22   00:54:54.8   896  

 Alpbach    Bidmi   2020-09-22   00:55:16.8   874  

 Amtshaus   Bidmi   2019-09-15   00:55:46.8   882  

 Alpbach    Bidmi   2020-06-25   00:56:55.5   848  

 Amtshaus   Bidmi   2020-03-21   00:59:03.1   833  
---------------------------------------------------


### Bidmi Abesyten {.tabset .tabset-fade .tabset-pills}

#### Chronologically


-----------------------------------------------------------
  start         end            date         time      hm_h 
--------- ---------------- ------------ ------------ ------
 Alpbach   Bidmi Abesyten   2020-08-01   00:56:54.7   883  

 Alpbach   Bidmi Abesyten   2020-05-17   00:56:52.2   884  
-----------------------------------------------------------

#### By time


-----------------------------------------------------------
  start         end            date         time      hm_h 
--------- ---------------- ------------ ------------ ------
 Alpbach   Bidmi Abesyten   2020-05-17   00:56:52.2   884  

 Alpbach   Bidmi Abesyten   2020-08-01   00:56:54.7   883  
-----------------------------------------------------------


### Blueme Turm {.tabset .tabset-fade .tabset-pills}

#### Chronologically


------------------------------------------------------------------
       start             end          date         time      hm_h 
------------------- ------------- ------------ ------------ ------
 Kreisel S'burgstr   Blueme Turm   2008-06-01   00:55:10.0   915  
------------------------------------------------------------------

#### By time


------------------------------------------------------------------
       start             end          date         time      hm_h 
------------------- ------------- ------------ ------------ ------
 Kreisel S'burgstr   Blueme Turm   2008-06-01   00:55:10.0   915  
------------------------------------------------------------------


### Creux du Van {.tabset .tabset-fade .tabset-pills}

#### Chronologically


------------------------------------------------------------
   start          end           date         time      hm_h 
------------ -------------- ------------ ------------ ------
 Boudry Bhf   Creux du Van   2017-10-27   01:31:23.0   614  

 Boudry Bhf   Creux du Van   2016-07-25                 NA  

 Boudry Bhf   Creux du Van   2011-08-20   01:27:00.0   645  
------------------------------------------------------------

#### By time


------------------------------------------------------------
   start          end           date         time      hm_h 
------------ -------------- ------------ ------------ ------
 Boudry Bhf   Creux du Van   2011-08-20   01:27:00.0   645  

 Boudry Bhf   Creux du Van   2017-10-27   01:31:23.0   614  
------------------------------------------------------------


### Gibel {.tabset .tabset-fade .tabset-pills}

#### Chronologically


---------------------------------------------------
  start      end       date         time      hm_h 
---------- ------- ------------ ------------ ------
 Alpbach    Gibel   2020-11-07   01:45:38.0   807  

 Alpbach    Gibel   2020-07-07   01:43:38.0   823  

 Amtshaus   Gibel   2019-09-01   01:49:20.4   788  

 Amtshaus   Gibel   2018-10-13   01:46:03.8   812  

 Amtshaus   Gibel   2018-07-26   01:49:34.9   786  
---------------------------------------------------

#### By time


---------------------------------------------------
  start      end       date         time      hm_h 
---------- ------- ------------ ------------ ------
 Alpbach    Gibel   2020-07-07   01:43:38.0   823  

 Alpbach    Gibel   2020-11-07   01:45:38.0   807  

 Amtshaus   Gibel   2018-10-13   01:46:03.8   812  

 Amtshaus   Gibel   2019-09-01   01:49:20.4   788  

 Amtshaus   Gibel   2018-07-26   01:49:34.9   786  
---------------------------------------------------


### Grindelfeld Brunnen {.tabset .tabset-fade .tabset-pills}

#### Chronologically


------------------------------------------------------------------------
      start                end              date         time      hm_h 
----------------- --------------------- ------------ ------------ ------
 Frutal Willigen   Grindelfeld Brunnen   2020-06-13   01:58:17.1   750  
------------------------------------------------------------------------

#### By time


------------------------------------------------------------------------
      start                end              date         time      hm_h 
----------------- --------------------- ------------ ------------ ------
 Frutal Willigen   Grindelfeld Brunnen   2020-06-13   01:58:17.1   750  
------------------------------------------------------------------------


### Grosse Scheidegg {.tabset .tabset-fade .tabset-pills}

#### Chronologically


---------------------------------------------------------------------
      start              end             date         time      hm_h 
----------------- ------------------ ------------ ------------ ------
 Frutal Willigen   Grosse Scheidegg   2020-07-21   01:30:29.7   890  

 Frutal Willigen   Grosse Scheidegg   2020-06-23   01:34:54.7   848  

 Frutal Willigen   Grosse Scheidegg   2019-08-24   01:34:45.7   850  

 Frutal Willigen   Grosse Scheidegg   2018-05-26   01:37:46.0   824  
---------------------------------------------------------------------

#### By time


---------------------------------------------------------------------
      start              end             date         time      hm_h 
----------------- ------------------ ------------ ------------ ------
 Frutal Willigen   Grosse Scheidegg   2020-07-21   01:30:29.7   890  

 Frutal Willigen   Grosse Scheidegg   2019-08-24   01:34:45.7   850  

 Frutal Willigen   Grosse Scheidegg   2020-06-23   01:34:54.7   848  

 Frutal Willigen   Grosse Scheidegg   2018-05-26   01:37:46.0   824  
---------------------------------------------------------------------


### Gurnigel Restaurant {.tabset .tabset-fade .tabset-pills}

#### Chronologically


--------------------------------------------------------------------------
       start                 end              date         time      hm_h 
------------------- --------------------- ------------ ------------ ------
 Bhf Schwarzenburg   Gurnigel Restaurant   2011-06-12   01:17:50.0   617  

 Bhf Schwarzenburg   Gurnigel Restaurant   2010-10-03   01:24:30.0   569  

 Bhf Schwarzenburg   Gurnigel Restaurant   2010-06-20   01:23:35.0   575  

 Bhf Schwarzenburg   Gurnigel Restaurant   2009-11-01   01:20:15.0   599  

 Bhf Schwarzenburg   Gurnigel Restaurant   2009-09-15   01:25:00.0   565  
--------------------------------------------------------------------------

#### By time


--------------------------------------------------------------------------
       start                 end              date         time      hm_h 
------------------- --------------------- ------------ ------------ ------
 Bhf Schwarzenburg   Gurnigel Restaurant   2011-06-12   01:17:50.0   617  

 Bhf Schwarzenburg   Gurnigel Restaurant   2009-11-01   01:20:15.0   599  

 Bhf Schwarzenburg   Gurnigel Restaurant   2010-06-20   01:23:35.0   575  

 Bhf Schwarzenburg   Gurnigel Restaurant   2010-10-03   01:24:30.0   569  

 Bhf Schwarzenburg   Gurnigel Restaurant   2009-09-15   01:25:00.0   565  
--------------------------------------------------------------------------


### Halgenfluh {.tabset .tabset-fade .tabset-pills}

#### Chronologically


--------------------------------------------------------
  start        end          date         time      hm_h 
---------- ------------ ------------ ------------ ------
 Amtshaus   Halgenfluh   2021-05-18   00:52:04.7   809  

 Amtshaus   Halgenfluh   2021-04-11   00:49:50.2   845  

 Amtshaus   Halgenfluh   2020-10-24   00:47:45.7   882  

 Amtshaus   Halgenfluh   2020-09-24   00:47:20.2   890  

 Amtshaus   Halgenfluh   2020-07-23   00:46:59.6   896  
--------------------------------------------------------

#### By time


--------------------------------------------------------
  start        end          date         time      hm_h 
---------- ------------ ------------ ------------ ------
 Amtshaus   Halgenfluh   2020-07-23   00:46:59.6   896  

 Amtshaus   Halgenfluh   2020-09-24   00:47:20.2   890  

 Amtshaus   Halgenfluh   2020-10-24   00:47:45.7   882  

 Amtshaus   Halgenfluh   2021-04-11   00:49:50.2   845  

 Amtshaus   Halgenfluh   2021-05-18   00:52:04.7   809  
--------------------------------------------------------


### Hohfluh Staatstrasse {.tabset .tabset-fade .tabset-pills}

#### Chronologically


------------------------------------------------------------------
  start             end               date         time      hm_h 
---------- ---------------------- ------------ ------------ ------
 Amtshaus   Hohfluh Staatstrasse   2021-05-25   00:28:47.9   942  

 Amtshaus   Hohfluh Staatstrasse   2021-05-18   00:33:31.1   809  

 Amtshaus   Hohfluh Staatstrasse   2021-05-17   00:34:33.1   785  

 Amtshaus   Hohfluh Staatstrasse   2021-05-03   00:29:03.9   933  

 Amtshaus   Hohfluh Staatstrasse   2021-04-22   00:28:38.9   947  

 Amtshaus   Hohfluh Staatstrasse   2021-04-11   00:31:21.9   865  

 Amtshaus   Hohfluh Staatstrasse   2020-11-23   00:29:36.2   916  

 Amtshaus   Hohfluh Staatstrasse   2020-10-24   00:30:30.4   889  

 Amtshaus   Hohfluh Staatstrasse   2020-09-24   00:29:57.6   905  

 Amtshaus   Hohfluh Staatstrasse   2020-08-08   00:31:42.5   855  

 Amtshaus   Hohfluh Staatstrasse   2020-07-23   00:28:35.4   949  

 Amtshaus   Hohfluh Staatstrasse   2020-06-20   00:26:37.9   1018 

 Amtshaus   Hohfluh Staatstrasse   2020-05-29   00:29:22.9   923  

 Amtshaus   Hohfluh Staatstrasse   2020-05-09   00:27:36.8   982  

 Amtshaus   Hohfluh Staatstrasse   2020-03-21   00:31:10.7   870  

 Amtshaus   Hohfluh Staatstrasse   2019-08-16   00:28:03.3   967  

 Amtshaus   Hohfluh Staatstrasse   2018-09-15   00:29:04.4   933  

 Amtshaus   Hohfluh Staatstrasse   2018-05-29   00:26:55.0   1008 

 Amtshaus   Hohfluh Staatstrasse   2009-09-18   00:29:30.0   919  

 Amtshaus   Hohfluh Staatstrasse   2007-10-08   00:29:00.0   935  

 Amtshaus   Hohfluh Staatstrasse   2007-10-03   00:30:00.0   904  

 Amtshaus   Hohfluh Staatstrasse   2007-10-01   00:28:00.0   969  

 Amtshaus   Hohfluh Staatstrasse   2006-08-23   00:29:00.0   935  
------------------------------------------------------------------

#### By time


------------------------------------------------------------------
  start             end               date         time      hm_h 
---------- ---------------------- ------------ ------------ ------
 Amtshaus   Hohfluh Staatstrasse   2020-06-20   00:26:37.9   1018 

 Amtshaus   Hohfluh Staatstrasse   2018-05-29   00:26:55.0   1008 

 Amtshaus   Hohfluh Staatstrasse   2020-05-09   00:27:36.8   982  

 Amtshaus   Hohfluh Staatstrasse   2007-10-01   00:28:00.0   969  

 Amtshaus   Hohfluh Staatstrasse   2019-08-16   00:28:03.3   967  

 Amtshaus   Hohfluh Staatstrasse   2020-07-23   00:28:35.4   949  

 Amtshaus   Hohfluh Staatstrasse   2021-04-22   00:28:38.9   947  

 Amtshaus   Hohfluh Staatstrasse   2021-05-25   00:28:47.9   942  

 Amtshaus   Hohfluh Staatstrasse   2007-10-08   00:29:00.0   935  

 Amtshaus   Hohfluh Staatstrasse   2006-08-23   00:29:00.0   935  

 Amtshaus   Hohfluh Staatstrasse   2021-05-03   00:29:03.9   933  

 Amtshaus   Hohfluh Staatstrasse   2018-09-15   00:29:04.4   933  

 Amtshaus   Hohfluh Staatstrasse   2020-05-29   00:29:22.9   923  

 Amtshaus   Hohfluh Staatstrasse   2009-09-18   00:29:30.0   919  

 Amtshaus   Hohfluh Staatstrasse   2020-11-23   00:29:36.2   916  

 Amtshaus   Hohfluh Staatstrasse   2020-09-24   00:29:57.6   905  

 Amtshaus   Hohfluh Staatstrasse   2007-10-03   00:30:00.0   904  

 Amtshaus   Hohfluh Staatstrasse   2020-10-24   00:30:30.4   889  

 Amtshaus   Hohfluh Staatstrasse   2020-03-21   00:31:10.7   870  

 Amtshaus   Hohfluh Staatstrasse   2021-04-11   00:31:21.9   865  

 Amtshaus   Hohfluh Staatstrasse   2020-08-08   00:31:42.5   855  

 Amtshaus   Hohfluh Staatstrasse   2021-05-18   00:33:31.1   809  

 Amtshaus   Hohfluh Staatstrasse   2021-05-17   00:34:33.1   785  
------------------------------------------------------------------


### Honegg {.tabset .tabset-fade .tabset-pills}

#### Chronologically


-------------------------------------------------------
    start       end        date         time      hm_h 
------------- -------- ------------ ------------ ------
 Langnau Bhf   Honegg   2011-05-28   02:49:00.0   311  
-------------------------------------------------------

#### By time


-------------------------------------------------------
    start       end        date         time      hm_h 
------------- -------- ------------ ------------ ------
 Langnau Bhf   Honegg   2011-05-28   02:49:00.0   311  
-------------------------------------------------------


### Hundschipfi {.tabset .tabset-fade .tabset-pills}

#### Chronologically


---------------------------------------------------
  start         end          date      time   hm_h 
---------- ------------- ------------ ------ ------
 Amtshaus   Hundschipfi   2021-05-03           NA  

 Amtshaus   Hundschipfi   2021-04-27           NA  

 Amtshaus   Hundschipfi   2021-04-20           NA  
---------------------------------------------------

#### By time


----------- --------- ---------- ---------- ----------
 **start**   **end**   **date**   **time**   **hm_h** 

----------- --------- ---------- ---------- ----------


### Kaeserstatt Velostaender {.tabset .tabset-fade .tabset-pills}

#### Chronologically


----------------------------------------------------------------------
  start               end                 date         time      hm_h 
---------- -------------------------- ------------ ------------ ------
 Alpbach    Kaeserstatt Velostaender   2020-08-15   01:21:00.0   898  

 Alpbach    Kaeserstatt Velostaender   2020-06-16   01:19:18.3   917  

 Amtshaus   Kaeserstatt Velostaender   2019-08-16   01:20:49.6   911  

 Amtshaus   Kaeserstatt Velostaender   2018-08-11   01:18:19.0   940  

 Amtshaus   Kaeserstatt Velostaender   2018-06-28   01:21:39.6   902  

 Amtshaus   Kaeserstatt Velostaender   2018-06-16   01:23:37.5   880  

 Amtshaus   Kaeserstatt Velostaender   2018-06-10   01:23:33.6   881  

 Amtshaus   Kaeserstatt Velostaender   2009-09-18   01:23:00.0   887  

 Amtshaus   Kaeserstatt Velostaender   2007-10-03   01:22:00.0   898  

 Amtshaus   Kaeserstatt Velostaender   2006-08-23   01:35:00.0   775  
----------------------------------------------------------------------

#### By time


----------------------------------------------------------------------
  start               end                 date         time      hm_h 
---------- -------------------------- ------------ ------------ ------
 Amtshaus   Kaeserstatt Velostaender   2018-08-11   01:18:19.0   940  

 Alpbach    Kaeserstatt Velostaender   2020-06-16   01:19:18.3   917  

 Amtshaus   Kaeserstatt Velostaender   2019-08-16   01:20:49.6   911  

 Alpbach    Kaeserstatt Velostaender   2020-08-15   01:21:00.0   898  

 Amtshaus   Kaeserstatt Velostaender   2018-06-28   01:21:39.6   902  

 Amtshaus   Kaeserstatt Velostaender   2007-10-03   01:22:00.0   898  

 Amtshaus   Kaeserstatt Velostaender   2009-09-18   01:23:00.0   887  

 Amtshaus   Kaeserstatt Velostaender   2018-06-10   01:23:33.6   881  

 Amtshaus   Kaeserstatt Velostaender   2018-06-16   01:23:37.5   880  

 Amtshaus   Kaeserstatt Velostaender   2006-08-23   01:35:00.0   775  
----------------------------------------------------------------------


### Lischen {.tabset .tabset-fade .tabset-pills}

#### Chronologically


----------------------------------------------
  start      end        date      time   hm_h 
--------- --------- ------------ ------ ------
 Alpbach   Lischen   2021-05-16           NA  
----------------------------------------------

#### By time


----------- --------- ---------- ---------- ----------
 **start**   **end**   **date**   **time**   **hm_h** 

----------- --------- ---------- ---------- ----------


### Maegis {.tabset .tabset-fade .tabset-pills}

#### Chronologically


----------------------------------------------------
  start      end        date         time      hm_h 
---------- -------- ------------ ------------ ------
 Alpbach    Maegis   2020-09-08   01:16:06.5   861  

 Alpbach    Maegis   2020-08-06   01:14:22.9   881  

 Alpbach    Maegis   2020-06-25   01:18:13.2   838  

 Amtshaus   Maegis   2019-09-15   01:19:00.0   841  
----------------------------------------------------

#### By time


----------------------------------------------------
  start      end        date         time      hm_h 
---------- -------- ------------ ------------ ------
 Alpbach    Maegis   2020-08-06   01:14:22.9   881  

 Alpbach    Maegis   2020-09-08   01:16:06.5   861  

 Alpbach    Maegis   2020-06-25   01:18:13.2   838  

 Amtshaus   Maegis   2019-09-15   01:19:00.0   841  
----------------------------------------------------


### Meiringen {.tabset .tabset-fade .tabset-pills}

#### Chronologically


----------------------------------------------------------
    start         end         date         time      hm_h 
------------- ----------- ------------ ------------ ------
 Langnau Bhf   Meiringen   2012-05-26   06:40:00.0   -11  
----------------------------------------------------------

#### By time


----------------------------------------------------------
    start         end         date         time      hm_h 
------------- ----------- ------------ ------------ ------
 Langnau Bhf   Meiringen   2012-05-26   06:40:00.0   -11  
----------------------------------------------------------


### Miliflue {.tabset .tabset-fade .tabset-pills}

#### Chronologically


------------------------------------------------
  start       end         date      time   hm_h 
---------- ---------- ------------ ------ ------
 Amtshaus   Miliflue   2021-04-28           NA  
------------------------------------------------

#### By time


----------- --------- ---------- ---------- ----------
 **start**   **end**   **date**   **time**   **hm_h** 

----------- --------- ---------- ---------- ----------


### Obri Mettlen {.tabset .tabset-fade .tabset-pills}

#### Chronologically


-----------------------------------------------------------------
      start            end           date         time      hm_h 
----------------- -------------- ------------ ------------ ------
 Frutal Willigen   Obri Mettlen   2020-09-02   01:22:54.2   889  

 Frutal Willigen   Obri Mettlen   2020-06-13   01:33:31.3   788  

 Frutal Willigen   Obri Mettlen   2020-05-16   01:33:52.1   786  
-----------------------------------------------------------------

#### By time


-----------------------------------------------------------------
      start            end           date         time      hm_h 
----------------- -------------- ------------ ------------ ------
 Frutal Willigen   Obri Mettlen   2020-09-02   01:22:54.2   889  

 Frutal Willigen   Obri Mettlen   2020-06-13   01:33:31.3   788  

 Frutal Willigen   Obri Mettlen   2020-05-16   01:33:52.1   786  
-----------------------------------------------------------------


### Oltscheren Bielen {.tabset .tabset-fade .tabset-pills}

#### Chronologically


----------------------------------------------------------------------
      start               end             date         time      hm_h 
----------------- ------------------- ------------ ------------ ------
 Balm Abzweigung   Oltscheren Bielen   2020-05-27   01:10:17.3   886  
----------------------------------------------------------------------

#### By time


----------------------------------------------------------------------
      start               end             date         time      hm_h 
----------------- ------------------- ------------ ------------ ------
 Balm Abzweigung   Oltscheren Bielen   2020-05-27   01:10:17.3   886  
----------------------------------------------------------------------


### Oltscheren Oberfeld {.tabset .tabset-fade .tabset-pills}

#### Chronologically


------------------------------------------------------------------------
      start                end              date         time      hm_h 
----------------- --------------------- ------------ ------------ ------
 Balm Abzweigung   Oltscheren Oberfeld   2020-05-27   01:29:13.9   856  
------------------------------------------------------------------------

#### By time


------------------------------------------------------------------------
      start                end              date         time      hm_h 
----------------- --------------------- ------------ ------------ ------
 Balm Abzweigung   Oltscheren Oberfeld   2020-05-27   01:29:13.9   856  
------------------------------------------------------------------------


### Planplatten {.tabset .tabset-fade .tabset-pills}

#### Chronologically


--------------------------------------------------------
  start        end          date         time      hm_h 
--------- ------------- ------------ ------------ ------
 Alpbach   Planplatten   2020-09-08   01:57:43.8   831  

 Alpbach   Planplatten   2020-06-25   02:01:36.3   804  
--------------------------------------------------------

#### By time


--------------------------------------------------------
  start        end          date         time      hm_h 
--------- ------------- ------------ ------------ ------
 Alpbach   Planplatten   2020-09-08   01:57:43.8   831  

 Alpbach   Planplatten   2020-06-25   02:01:36.3   804  
--------------------------------------------------------


### Reuti Post {.tabset .tabset-fade .tabset-pills}

#### Chronologically


-------------------------------------------------------
  start       end          date         time      hm_h 
--------- ------------ ------------ ------------ ------
 Alpbach   Reuti Post   2021-05-13                 NA  

 Alpbach   Reuti Post   2020-11-22   00:28:10.6   931  

 Alpbach   Reuti Post   2020-11-12   00:28:24.6   923  

 Alpbach   Reuti Post   2020-10-20   00:27:29.8   954  

 Alpbach   Reuti Post   2020-08-01   00:28:09.7   931  

 Alpbach   Reuti Post   2020-07-12   00:26:09.8   1002 

 Alpbach   Reuti Post   2020-06-21   00:28:49.7   910  

 Alpbach   Reuti Post   2020-05-25   00:26:35.5   986  

 Alpbach   Reuti Post   2020-05-17   00:27:52.1   941  

 Alpbach   Reuti Post   2020-04-27   00:26:34.9   986  

 Alpbach   Reuti Post   2020-04-05   00:27:13.6   963  

 Alpbach   Reuti Post   2019-08-27   00:26:02.1   1007 

 Alpbach   Reuti Post   2019-06-07   00:28:06.3   933  

 Alpbach   Reuti Post   2018-10-22   00:28:05.8   933  

 Alpbach   Reuti Post   2018-10-07   00:26:31.0   989  

 Alpbach   Reuti Post   2018-06-25   00:24:30.3   1070 

 Alpbach   Reuti Post   2018-05-27   00:27:40.0   948  

 Alpbach   Reuti Post   2015-05-27   00:27:00.0   971  
-------------------------------------------------------

#### By time


-------------------------------------------------------
  start       end          date         time      hm_h 
--------- ------------ ------------ ------------ ------
 Alpbach   Reuti Post   2018-06-25   00:24:30.3   1070 

 Alpbach   Reuti Post   2019-08-27   00:26:02.1   1007 

 Alpbach   Reuti Post   2020-07-12   00:26:09.8   1002 

 Alpbach   Reuti Post   2018-10-07   00:26:31.0   989  

 Alpbach   Reuti Post   2020-04-27   00:26:34.9   986  

 Alpbach   Reuti Post   2020-05-25   00:26:35.5   986  

 Alpbach   Reuti Post   2015-05-27   00:27:00.0   971  

 Alpbach   Reuti Post   2020-04-05   00:27:13.6   963  

 Alpbach   Reuti Post   2020-10-20   00:27:29.8   954  

 Alpbach   Reuti Post   2018-05-27   00:27:40.0   948  

 Alpbach   Reuti Post   2020-05-17   00:27:52.1   941  

 Alpbach   Reuti Post   2018-10-22   00:28:05.8   933  

 Alpbach   Reuti Post   2019-06-07   00:28:06.3   933  

 Alpbach   Reuti Post   2020-08-01   00:28:09.7   931  

 Alpbach   Reuti Post   2020-11-22   00:28:10.6   931  

 Alpbach   Reuti Post   2020-11-12   00:28:24.6   923  

 Alpbach   Reuti Post   2020-06-21   00:28:49.7   910  
-------------------------------------------------------


### Rohrmatten {.tabset .tabset-fade .tabset-pills}

#### Chronologically


----------------------------------------------------------
   start         end          date         time      hm_h 
------------ ------------ ------------ ------------ ------
 Alpbaechli   Rohrmatten   2020-07-25   00:51.52.3   518  

 Alpbaechli   Rohrmatten   2019-10-07   01:01:34.8   437  
----------------------------------------------------------

#### By time


----------------------------------------------------------
   start         end          date         time      hm_h 
------------ ------------ ------------ ------------ ------
 Alpbaechli   Rohrmatten   2020-07-25   00:51.52.3   518  

 Alpbaechli   Rohrmatten   2019-10-07   01:01:34.8   437  
----------------------------------------------------------


### Schlafbielen {.tabset .tabset-fade .tabset-pills}

#### Chronologically


---------------------------------------------------------
  start        end           date         time      hm_h 
--------- -------------- ------------ ------------ ------
 Alpbach   Schlafbielen   2020-06-21   01:36:13.6   824  
---------------------------------------------------------

#### By time


---------------------------------------------------------
  start        end           date         time      hm_h 
--------- -------------- ------------ ------------ ------
 Alpbach   Schlafbielen   2020-06-21   01:36:13.6   824  
---------------------------------------------------------


### Schwarzwaldalp {.tabset .tabset-fade .tabset-pills}

#### Chronologically


-------------------------------------------------------------------
      start             end            date         time      hm_h 
----------------- ---------------- ------------ ------------ ------
 Frutal Willigen   Schwarzwaldalp   2021-05-22   00:58:46.9   852  

 Frutal Willigen   Schwarzwaldalp   2020-10-22   00:57:33.8   870  

 Frutal Willigen   Schwarzwaldalp   2020-07-21   00:57:27.1   872  

 Frutal Willigen   Schwarzwaldalp   2020-06-23   00:59:41.3   839  

 Frutal Willigen   Schwarzwaldalp   2020-04-17   01:01:02.4   821  

 Frutal Willigen   Schwarzwaldalp   2020-04-10   00:59:56.0   836  

 Frutal Willigen   Schwarzwaldalp   2020-03-28   01:00:13.3   832  

 Frutal Willigen   Schwarzwaldalp   2019-08-24   00:56:24.7   888  

 Frutal Willigen   Schwarzwaldalp   2018-07-13   00:53:09.5   942  

 Frutal Willigen   Schwarzwaldalp   2018-06-05   00:56:14.0   891  

 Frutal Willigen   Schwarzwaldalp   2018-05-26   00:59:16.0   845  

 Frutal Willigen   Schwarzwaldalp   2009-10-19   01:00:00.0   835  

 Frutal Willigen   Schwarzwaldalp   2007-10-02   00:56:00.0   895  
-------------------------------------------------------------------

#### By time


-------------------------------------------------------------------
      start             end            date         time      hm_h 
----------------- ---------------- ------------ ------------ ------
 Frutal Willigen   Schwarzwaldalp   2018-07-13   00:53:09.5   942  

 Frutal Willigen   Schwarzwaldalp   2007-10-02   00:56:00.0   895  

 Frutal Willigen   Schwarzwaldalp   2018-06-05   00:56:14.0   891  

 Frutal Willigen   Schwarzwaldalp   2019-08-24   00:56:24.7   888  

 Frutal Willigen   Schwarzwaldalp   2020-07-21   00:57:27.1   872  

 Frutal Willigen   Schwarzwaldalp   2020-10-22   00:57:33.8   870  

 Frutal Willigen   Schwarzwaldalp   2021-05-22   00:58:46.9   852  

 Frutal Willigen   Schwarzwaldalp   2018-05-26   00:59:16.0   845  

 Frutal Willigen   Schwarzwaldalp   2020-06-23   00:59:41.3   839  

 Frutal Willigen   Schwarzwaldalp   2020-04-10   00:59:56.0   836  

 Frutal Willigen   Schwarzwaldalp   2009-10-19   01:00:00.0   835  

 Frutal Willigen   Schwarzwaldalp   2020-03-28   01:00:13.3   832  

 Frutal Willigen   Schwarzwaldalp   2020-04-17   01:01:02.4   821  
-------------------------------------------------------------------


### Tschorren {.tabset .tabset-fade .tabset-pills}

#### Chronologically


-------------------------------------------------------
  start        end         date         time      hm_h 
---------- ----------- ------------ ------------ ------
 Amtshaus   Tschorren   2020-06-20   00:40:48.9   1070 

 Amtshaus   Tschorren   2020-05-29   00:45:34.4   958  
-------------------------------------------------------

#### By time


-------------------------------------------------------
  start        end         date         time      hm_h 
---------- ----------- ------------ ------------ ------
 Amtshaus   Tschorren   2020-06-20   00:40:48.9   1070 

 Amtshaus   Tschorren   2020-05-29   00:45:34.4   958  
-------------------------------------------------------


### Wandel Hochmoor {.tabset .tabset-fade .tabset-pills}

#### Chronologically


--------------------------------------------------------------------
      start              end            date         time      hm_h 
----------------- ----------------- ------------ ------------ ------
 Balm Abzweigung   Wandel Hochmoor   2020-07-05   01:33:16.9   811  
--------------------------------------------------------------------

#### By time


--------------------------------------------------------------------
      start              end            date         time      hm_h 
----------------- ----------------- ------------ ------------ ------
 Balm Abzweigung   Wandel Hochmoor   2020-07-05   01:33:16.9   811  
--------------------------------------------------------------------


### Wandel Mettlen {.tabset .tabset-fade .tabset-pills}

#### Chronologically


-------------------------------------------------------------------
      start             end            date         time      hm_h 
----------------- ---------------- ------------ ------------ ------
 Balm Abzweigung   Wandel Mettlen   2020-07-05   00:51:14.2   885  

 Balm Abzweigung   Wandel Mettlen   2020-06-06   00:49:40.1   913  

 Balm Abzweigung   Wandel Mettlen   2020-05-07   00:52:13.8   868  
-------------------------------------------------------------------

#### By time


-------------------------------------------------------------------
      start             end            date         time      hm_h 
----------------- ---------------- ------------ ------------ ------
 Balm Abzweigung   Wandel Mettlen   2020-06-06   00:49:40.1   913  

 Balm Abzweigung   Wandel Mettlen   2020-07-05   00:51:14.2   885  

 Balm Abzweigung   Wandel Mettlen   2020-05-07   00:52:13.8   868  
-------------------------------------------------------------------


### Wandel mittlesten {.tabset .tabset-fade .tabset-pills}

#### Chronologically


----------------------------------------------------------------------
      start               end             date         time      hm_h 
----------------- ------------------- ------------ ------------ ------
 Balm Abzweigung   Wandel mittlesten   2020-07-05   01:12:47.8   873  

 Balm Abzweigung   Wandel mittlesten   2020-05-07   01:17:24.8   821  
----------------------------------------------------------------------

#### By time


----------------------------------------------------------------------
      start               end             date         time      hm_h 
----------------- ------------------- ------------ ------------ ------
 Balm Abzweigung   Wandel mittlesten   2020-07-05   01:12:47.8   873  

 Balm Abzweigung   Wandel mittlesten   2020-05-07   01:17:24.8   821  
----------------------------------------------------------------------


### Wandel obristen {.tabset .tabset-fade .tabset-pills}

#### Chronologically


--------------------------------------------------------------------
      start              end            date         time      hm_h 
----------------- ----------------- ------------ ------------ ------
 Balm Abzweigung   Wandel obristen   2020-07-05   01:27:25.2   846  

 Balm Abzweigung   Wandel obristen   2018-07-30   01:34:02.9   786  
--------------------------------------------------------------------

#### By time


--------------------------------------------------------------------
      start              end            date         time      hm_h 
----------------- ----------------- ------------ ------------ ------
 Balm Abzweigung   Wandel obristen   2020-07-05   01:27:25.2   846  

 Balm Abzweigung   Wandel obristen   2018-07-30   01:34:02.9   786  
--------------------------------------------------------------------


### Wasserwendi {.tabset .tabset-fade .tabset-pills}

#### Chronologically


---------------------------------------------------------
  start         end          date         time      hm_h 
---------- ------------- ------------ ------------ ------
 Amtshaus   Wasserwendi   2021-05-25   00:41:14.5   898  

 Amtshaus   Wasserwendi   2021-05-20                 NA  

 Amtshaus   Wasserwendi   2021-05-17                 NA  
---------------------------------------------------------

#### By time


---------------------------------------------------------
  start         end          date         time      hm_h 
---------- ------------- ------------ ------------ ------
 Amtshaus   Wasserwendi   2021-05-25   00:41:14.5   898  
---------------------------------------------------------


### Winterlicke {.tabset .tabset-fade .tabset-pills}

#### Chronologically


--------------------------------------------------------
  start        end          date         time      hm_h 
--------- ------------- ------------ ------------ ------
 Alpbach   Winterlicke   2021-04-24                 NA  

 Alpbach   Winterlicke   2021-04-10                 NA  

 Alpbach   Winterlicke   2021-03-02                 NA  

 Alpbach   Winterlicke   2020-11-22   00:50:22.4   923  

 Alpbach   Winterlicke   2020-11-12   00:51:43.6   899  

 Alpbach   Winterlicke   2020-10-20   00:49:49.2   933  

 Alpbach   Winterlicke   2020-07-12   00:48:05.4   967  

 Alpbach   Winterlicke   2020-06-21   00:53:37.2   867  

 Alpbach   Winterlicke   2020-05-25   00:48:13.6   964  

 Alpbach   Winterlicke   2020-04-05   00:49:21.5   942  

 Alpbach   Winterlicke   2019-06-07   00:53:13.5   874  

 Alpbach   Winterlicke   2018-10-22   00:51:47.1   898  

 Alpbach   Winterlicke   2018-10-07   00:48:55.6   950  

 Alpbach   Winterlicke   2018-05-27   00:55:00.0   845  

 Alpbach   Winterlicke   2015-05-27   00:50:04.1   929  
--------------------------------------------------------

#### By time


--------------------------------------------------------
  start        end          date         time      hm_h 
--------- ------------- ------------ ------------ ------
 Alpbach   Winterlicke   2020-07-12   00:48:05.4   967  

 Alpbach   Winterlicke   2020-05-25   00:48:13.6   964  

 Alpbach   Winterlicke   2018-10-07   00:48:55.6   950  

 Alpbach   Winterlicke   2020-04-05   00:49:21.5   942  

 Alpbach   Winterlicke   2020-10-20   00:49:49.2   933  

 Alpbach   Winterlicke   2015-05-27   00:50:04.1   929  

 Alpbach   Winterlicke   2020-11-22   00:50:22.4   923  

 Alpbach   Winterlicke   2020-11-12   00:51:43.6   899  

 Alpbach   Winterlicke   2018-10-22   00:51:47.1   898  

 Alpbach   Winterlicke   2019-06-07   00:53:13.5   874  

 Alpbach   Winterlicke   2020-06-21   00:53:37.2   867  

 Alpbach   Winterlicke   2018-05-27   00:55:00.0   845  
--------------------------------------------------------


### Zwirgi {.tabset .tabset-fade .tabset-pills}

#### Chronologically


-----------------------------------------------------------
      start         end        date         time      hm_h 
----------------- -------- ------------ ------------ ------
 Frutal Willigen   Zwirgi   2020-10-22   00:22:36.3   945  

 Frutal Willigen   Zwirgi   2020-09-02   00:21:55.2   974  

 Frutal Willigen   Zwirgi   2020-07-30   00:22:44.4   939  

 Frutal Willigen   Zwirgi   2020-07-21   00:22:42.9   940  

 Frutal Willigen   Zwirgi   2020-06-23   00:23:16.2   918  

 Frutal Willigen   Zwirgi   2020-04-17   00:23:56.8   892  

 Frutal Willigen   Zwirgi   2020-04-10   00:23:27.3   911  

 Frutal Willigen   Zwirgi   2020-03-28   00:22:53.3   933  

 Frutal Willigen   Zwirgi   2019-08-24   00:21:04.5   1014 

 Frutal Willigen   Zwirgi   2018-06-05   00:18:03.0   1183 

 Frutal Willigen   Zwirgi   2007-10-02   00:21:00.0   1017 
-----------------------------------------------------------

#### By time


